79
140
157
145
144
151
157
276
153
10
133
137
147
164
144
153
181
156
421
169
159
180
196
165
174
181
167
174
178
157
167
185
180
165
169
182
174
177
177
183
180
174
209
179
210
208
201
198
179
196
175
187
182
193
182
198
165
184
164
165
175
168
163
187
184
330
174
172
181
151
173
175
172
157
169
320
173
162
179
195
181
181
182
177
181
174
174
192
183
201
171
187
184
187
192
212
199
182
196
205
218
182
186
163
197
156
174
171
165
180
185
191
167
195
177
180
180
190
206
171
192
185
179
212
182
205
183
196
174
182
198
192
184
198
170
189
176
192
178
186
176
181
186
172
180
174
173
173
176
142
167
166
307
159
163
166
158
170
175
191
167
192
166
170
166
158
173
193
171
188
185
200
201
192
191
193
178
336
187
175
192
229
167
195
226
178
223
396
317
170
194
160
235
200
217
203
191
181
189
159
162
155
156
153
166
156
155
155
162
