1
9999
9999
9999
9999
3
78
364
342
2527
1398
98
149
150
150
143
151
144
151
151
143
191
33
159
175
183
167
190
175
191
207
174
192
207
175
183
184
183
175
207
183
191
175
175
231
207
5
135
503
143
360
327
199
263
127
119
351
271
11
141
134
126
134
127
142
143
151
142
135
135
279
198
158
143
151
151
159
151
151
151
151
143
151
143
159
151
135
151
167
167
167
151
143
159
159
157
263
151
159
191
135
159
58
142
122
138
127
131
144
146
123
137
138
142
139
145
146
144
156
172
131
154
134
148
161
154
174
141
151
156
166
158
182
157
173
161
171
179
164
172
162
164
161
161
167
160
140
166
145
145
131
275
163
184
181
182
176
163
175
183
201
206
208
164
157
169
170
180
170
168
171
160
162
173
173
163
150
172
149
251
158
165
176
148
148
147
250
173
321
174
169
169
149
172
149
162
398
165
176
114
161
149
134
